1,1,,,,,,,,,,,,,,
2,1,,,,,,,,,,,,,,
2,2,,,,,,,,,,,,,,
2,3,,,,Taks,Momento 1,Momento 2,Momento 3,Momento 4,Momento 5,Momento 6,Momento 7,Momento 8,Momento 9,Momento 10
3,1,,,,1,X,,,X,,,X,,,X
1,2,,,,2,,X,,,,,,X,,
3,2,,,,3,,,X,,X,,,,,
3,3,,,,4,,,,,,X,,,X,
4,1,,,,5,,,,,,,,,,
4,2,,,,,,,,,,,,,,
1,3,,,,,,,,,,,,,,
2,4,,,,,,,,,,,,,,
2,5,,,,,,,,,,,,,,
2,6,,,,,,,,,,,,,,
4,3,,,,,,,,,,,,,,
1,4,,,,,,,,,,,,,,
4,4,,,,,,,,,,,,,,
4,5,,,,,,,,,,,,,,
5,1,,,,,,,,,,,,,,
5,2,,,,,,,,,,,,,,
1,5,,,,,,,,,,,,,,
2,7,,,,,,,,,,,,,,
2,8,,,,,,,,,,,,,,
2,9,,,,,,,,,,,,,,
3,4,,,,,,,,,,,,,,
1,6,,,,,,,,,,,,,,
3,5,,,,,,,,,,,,,,
3,6,,,,,,,,,,,,,,
4,6,,,,,,,,,,,,,,
4,7,,,,,,,,,,,,,,
1,7,,,,,,,,,,,,,,
2,10,,,,,,,,,,,,,,
2,11,,,,,,,,,,,,,,
2,12,,,,,,,,,,,,,,
4,8,,,,,,,,,,,,,,
1,8,,,,,,,,,,,,,,
4,9,,,,,,,,,,,,,,
4,10,,,,,,,,,,,,,,
3,7,,,,,,,,,,,,,,
3,8,,,,,,,,,,,,,,
1,9,,,,,,,,,,,,,,
3,9,,,,,,,,,,,,,,
2,13,,,,,,,,,,,,,,
2,14,,,,,,,,,,,,,,
2,15,,,,,,,,,,,,,,
1,10,,,,,,,,,,,,,,
5,3,,,,,,,,,,,,,,
5,4,,,,,,,,,,,,,,
3,10,,,,,,,,,,,,,,
3,11,,,,,,,,,,,,,,
1,11,,,,,,,,,,,,,,
2,16,,,,,,,,,,,,,,
2,17,,,,,,,,,,,,,,
2,18,,,,,,,,,,,,,,
3,12,,,,,,,,,,,,,,
1,12,,,,,,,,,,,,,,
4,11,,,,,,,,,,,,,,
4,12,,,,,,,,,,,,,,
4,13,,,,,,,,,,,,,,
4,14,,,,,,,,,,,,,,
1,13,,,,,,,,,,,,,,
2,19,,,,,,,,,,,,,,
2,20,,,,,,,,,,,,,,
2,21,,,,,,,,,,,,,,
3,13,,,,,,,,,,,,,,
1,14,,,,,,,,,,,,,,
3,14,,,,,,,,,,,,,,
3,15,,,,,,,,,,,,,,
5,5,,,,,,,,,,,,,,
5,6,,,,,,,,,,,,,,
1,15,,,,,,,,,,,,,,
2,22,,,,,,,,,,,,,,
2,23,,,,,,,,,,,,,,
2,24,,,,,,,,,,,,,,
4,15,,,,,,,,,,,,,,
1,16,,,,,,,,,,,,,,
4,16,,,,,,,,,,,,,,
4,17,,,,,,,,,,,,,,
4,18,,,,,,,,,,,,,,
3,16,,,,,,,,,,,,,,
1,17,,,,,,,,,,,,,,
2,25,,,,,,,,,,,,,,
2,26,,,,,,,,,,,,,,
2,27,,,,,,,,,,,,,,
3,17,,,,,,,,,,,,,,
1,18,,,,,,,,,,,,,,
3,18,,,,,,,,,,,,,,
4,19,,,,,,,,,,,,,,
4,20,,,,,,,,,,,,,,
4,21,,,,,,,,,,,,,,
1,19,,,,,,,,,,,,,,
2,28,,,,,,,,,,,,,,
2,29,,,,,,,,,,,,,,
2,30,,,,,,,,,,,,,,
4,22,,,,,,,,,,,,,,
1,20,,,,,,,,,,,,,,
4,23,,,,,,,,,,,,,,
5,7,,,,,,,,,,,,,,
5,8,,,,,,,,,,,,,,
3,19,,,,,,,,,,,,,,
1,21,,,,,,,,,,,,,,
3,20,,,,,,,,,,,,,,
3,21,,,,,,,,,,,,,,
2,31,,,,,,,,,,,,,,
2,32,,,,,,,,,,,,,,
1,22,,,,,,,,,,,,,,
2,33,,,,,,,,,,,,,,
3,22,,,,,,,,,,,,,,
3,23,,,,,,,,,,,,,,
3,24,,,,,,,,,,,,,,
1,23,,,,,,,,,,,,,,
2,34,,,,,,,,,,,,,,
2,35,,,,,,,,,,,,,,
2,36,,,,,,,,,,,,,,
4,24,,,,,,,,,,,,,,
1,24,,,,,,,,,,,,,,
4,25,,,,,,,,,,,,,,
4,26,,,,,,,,,,,,,,
4,27,,,,,,,,,,,,,,
4,28,,,,,,,,,,,,,,
1,25,,,,,,,,,,,,,,
5,9,,,,,,,,,,,,,,
5,10,,,,,,,,,,,,,,
2,37,,,,,,,,,,,,,,
2,38,,,,,,,,,,,,,,
1,26,,,,,,,,,,,,,,
2,39,,,,,,,,,,,,,,
3,25,,,,,,,,,,,,,,
3,26,,,,,,,,,,,,,,
3,27,,,,,,,,,,,,,,
1,27,,,,,,,,,,,,,,
2,40,,,,,,,,,,,,,,
2,41,,,,,,,,,,,,,,
2,42,,,,,,,,,,,,,,
4,29,,,,,,,,,,,,,,
1,28,,,,,,,,,,,,,,
4,30,,,,,,,,,,,,,,
4,31,,,,,,,,,,,,,,
4,32,,,,,,,,,,,,,,
3,28,,,,,,,,,,,,,,
1,29,,,,,,,,,,,,,,
2,43,,,,,,,,,,,,,,
2,44,,,,,,,,,,,,,,
2,45,,,,,,,,,,,,,,
3,29,,,,,,,,,,,,,,
1,30,,,,,,,,,,,,,,
3,30,,,,,,,,,,,,,,
5,11,,,,,,,,,,,,,,
5,12,,,,,,,,,,,,,,
4,33,,,,,,,,,,,,,,
1,31,,,,,,,,,,,,,,
2,46,,,,,,,,,,,,,,
2,47,,,,,,,,,,,,,,
2,48,,,,,,,,,,,,,,
4,34,,,,,,,,,,,,,,
1,32,,,,,,,,,,,,,,
4,35,,,,,,,,,,,,,,
4,36,,,,,,,,,,,,,,
4,37,,,,,,,,,,,,,,
3,31,,,,,,,,,,,,,,
1,33,,,,,,,,,,,,,,
3,32,,,,,,,,,,,,,,
3,33,,,,,,,,,,,,,,
2,49,,,,,,,,,,,,,,
2,50,,,,,,,,,,,,,,
1,34,,,,,,,,,,,,,,
2,51,,,,,,,,,,,,,,
5,13,,,,,,,,,,,,,,
5,14,,,,,,,,,,,,,,
3,34,,,,,,,,,,,,,,
1,35,,,,,,,,,,,,,,
2,52,,,,,,,,,,,,,,
2,53,,,,,,,,,,,,,,
2,54,,,,,,,,,,,,,,
3,35,,,,,,,,,,,,,,
1,36,,,,,,,,,,,,,,
3,36,,,,,,,,,,,,,,
4,38,,,,,,,,,,,,,,
4,39,,,,,,,,,,,,,,
4,40,,,,,,,,,,,,,,
1,37,,,,,,,,,,,,,,
2,55,,,,,,,,,,,,,,
2,56,,,,,,,,,,,,,,
2,57,,,,,,,,,,,,,,
3,37,,,,,,,,,,,,,,
1,38,,,,,,,,,,,,,,
3,38,,,,,,,,,,,,,,
3,39,,,,,,,,,,,,,,
4,41,,,,,,,,,,,,,,
4,42,,,,,,,,,,,,,,
1,39,,,,,,,,,,,,,,
2,58,,,,,,,,,,,,,,
2,59,,,,,,,,,,,,,,
2,60,,,,,,,,,,,,,,
4,43,,,,,,,,,,,,,,
1,40,,,,,,,,,,,,,,
4,44,,,,,,,,,,,,,,
5,15,,,,,,,,,,,,,,
5,16,,,,,,,,,,,,,,
3,40,,,,,,,,,,,,,,
1,41,,,,,,,,,,,,,,
2,61,,,,,,,,,,,,,,
2,62,,,,,,,,,,,,,,
2,63,,,,,,,,,,,,,,
3,41,,,,,,,,,,,,,,
1,42,,,,,,,,,,,,,,
3,42,,,,,,,,,,,,,,
4,45,,,,,,,,,,,,,,
4,46,,,,,,,,,,,,,,
4,47,,,,,,,,,,,,,,
1,43,,,,,,,,,,,,,,
2,64,,,,,,,,,,,,,,
2,65,,,,,,,,,,,,,,
2,66,,,,,,,,,,,,,,
4,48,,,,,,,,,,,,,,
1,44,,,,,,,,,,,,,,
4,49,,,,,,,,,,,,,,
3,43,,,,,,,,,,,,,,
3,44,,,,,,,,,,,,,,
3,45,,,,,,,,,,,,,,
1,45,,,,,,,,,,,,,,
5,17,,,,,,,,,,,,,,
5,18,,,,,,,,,,,,,,
2,67,,,,,,,,,,,,,,
2,68,,,,,,,,,,,,,,
1,46,,,,,,,,,,,,,,
2,69,,,,,,,,,,,,,,
3,46,,,,,,,,,,,,,,
3,47,,,,,,,,,,,,,,
3,48,,,,,,,,,,,,,,
1,47,,,,,,,,,,,,,,
2,70,,,,,,,,,,,,,,
2,71,,,,,,,,,,,,,,
2,72,,,,,,,,,,,,,,
4,50,,,,,,,,,,,,,,
1,48,,,,,,,,,,,,,,
4,51,,,,,,,,,,,,,,
4,52,,,,,,,,,,,,,,
4,53,,,,,,,,,,,,,,
4,54,,,,,,,,,,,,,,
1,49,,,,,,,,,,,,,,
2,73,,,,,,,,,,,,,,
2,74,,,,,,,,,,,,,,
2,75,,,,,,,,,,,,,,
5,19,,,,,,,,,,,,,,
1,50,,,,,,,,,,,,,,
5,20,,,,,,,,,,,,,,
3,49,,,,,,,,,,,,,,
3,50,,,,,,,,,,,,,,
3,51,,,,,,,,,,,,,,
1,51,,,,,,,,,,,,,,
2,76,,,,,,,,,,,,,,
2,77,,,,,,,,,,,,,,
2,78,,,,,,,,,,,,,,
4,55,,,,,,,,,,,,,,
1,52,,,,,,,,,,,,,,
4,56,,,,,,,,,,,,,,
4,57,,,,,,,,,,,,,,
4,58,,,,,,,,,,,,,,
3,52,,,,,,,,,,,,,,
1,53,,,,,,,,,,,,,,
2,79,,,,,,,,,,,,,,
2,80,,,,,,,,,,,,,,
2,81,,,,,,,,,,,,,,
3,53,,,,,,,,,,,,,,
1,54,,,,,,,,,,,,,,
3,54,,,,,,,,,,,,,,
5,21,,,,,,,,,,,,,,
5,22,,,,,,,,,,,,,,
4,59,,,,,,,,,,,,,,
1,55,,,,,,,,,,,,,,
2,82,,,,,,,,,,,,,,
2,83,,,,,,,,,,,,,,
2,84,,,,,,,,,,,,,,
4,60,,,,,,,,,,,,,,
1,56,,,,,,,,,,,,,,
4,61,,,,,,,,,,,,,,
4,62,,,,,,,,,,,,,,
4,63,,,,,,,,,,,,,,
3,55,,,,,,,,,,,,,,
1,57,,,,,,,,,,,,,,
3,56,,,,,,,,,,,,,,
3,57,,,,,,,,,,,,,,
2,85,,,,,,,,,,,,,,
2,86,,,,,,,,,,,,,,
1,58,,,,,,,,,,,,,,
